0.691340 -0.135540
-0.567790 -1.709108
2.759980 -0.409881
2.504700 0.676358
2.220210 -0.142276
-0.882030 -3.357289
-0.601490 -2.772202
0.270030 -0.828813
-3.103110 -5.704971
0.392050 0.157655
1.394420 0.517452
-3.083320 -5.418753
2.046260 0.684833
-0.176350 -0.940907
1.079730 0.557056
-1.104840 -3.572066
-0.703680 -2.357021
2.335180 -0.572912
3.673120 1.268950
-3.795980 -2.206384
1.116340 0.437910
2.791110 -0.600599
-1.346030 -4.105296
-3.404100 -4.967189
0.964290 -0.359502
0.008750 -1.754903
-3.879270 -0.859102
-1.919550 -6.646082
0.793690 -0.786481
1.940840 0.056107
-0.116320 -2.122101
0.474150 -0.997987
1.669820 0.139201
0.780060 -0.482242
1.042130 -0.461455
0.746980 -0.001223
-0.754720 -2.691330
-3.264650 -5.286584
-0.204090 -1.655268
0.915980 -0.117921
-2.155000 -6.003919
1.230230 -0.772259
3.241260 0.018674
-2.764310 -5.759952
-3.089470 -5.652010
2.272860 -0.136033
-1.098880 -3.906239
3.435410 0.215883
3.553780 0.027979
-1.251950 -4.157561
3.739810 1.239124
-3.246550 -5.995364
0.970080 0.045258
-1.618890 -5.013299
-3.588050 -2.611055
-0.481880 -1.750261
-1.539330 -4.076002
-1.876370 -6.458002
0.496000 0.056031
1.025700 0.084098
-3.185490 -5.730939
1.711060 -0.102808
-1.538100 -4.664479
-3.534770 -4.229759
2.799520 -0.313520
-2.857770 -6.296266
0.123330 -0.942529
-0.359820 -1.745798
-1.486860 -5.223483
-3.169320 -5.980910
1.324140 0.619083
2.237030 -0.553567
-0.657710 -2.067183
-0.822040 -2.672247
-3.390680 -4.446532
0.390680 -0.437853
2.282720 0.210985
-1.681320 -5.580760
-2.369780 -6.357710
-2.703240 -6.032868
-1.632260 -5.594218
-3.212450 -5.744388
-2.965750 -5.929776
-1.379200 -5.128395
2.956250 0.045914
3.858240 1.304543
-2.411140 -5.911383
-2.545690 -7.104598
-2.369750 -5.947095
-1.695890 -5.510505
-1.710050 -5.150949
-2.432320 -6.018979
1.451650 0.504086
-1.669180 -4.893662
1.204670 0.208325
-0.289980 -1.730990
-2.671500 -6.948897
1.430840 -0.038294
2.798510 0.463335
-0.294210 -2.516813
3.240570 -0.108062
0.909830 -0.770765
1.496890 0.601021
3.098410 0.790677
-1.925700 -5.802330
1.834840 -0.155679
1.231030 -0.125799
1.090640 0.030697
-0.182870 -1.365978
3.154460 0.061818
2.718190 0.055997
0.531920 0.240372
-2.138750 -6.655545
-3.259200 -4.560793
2.226390 0.157458
-3.297450 -5.955982
-2.833350 -6.623127
-1.896630 -5.615663
-2.426630 -5.864771
-2.355310 -6.882437
-3.966430 -0.222374
-0.475210 -2.615923
-2.889980 -6.227581
-3.209630 -5.185639
3.234400 0.494410
-3.631540 -3.295344
-0.561860 -1.727073
2.636250 0.292613
-3.745190 -2.727362
1.308000 0.844608
3.612590 0.536291
-1.784700 -5.084071
-1.605620 -4.855254
-2.771350 -6.388562
1.577830 0.105986
3.115350 0.434682
0.476580 -0.562568
-0.449520 -2.524769
-3.411200 -4.328869
-1.205440 -4.535278
0.918050 0.247937
2.723560 -0.526773
-0.633790 -2.659580
1.943650 0.268696
1.907360 0.008830
-2.355100 -7.166682
-2.263850 -6.532871
-1.354820 -4.378887
3.443070 1.489534
2.747340 -0.619170
3.504160 0.709667
0.079500 -1.020271
0.981200 0.217133
-0.489710 -2.236917
-3.686380 -3.344513
-3.472240 -3.626549
-3.557940 -3.875900
3.142360 0.135335
-3.761510 -1.835929
-1.578340 -4.669636
-3.673520 -3.054678
-0.814180 -3.338422
-3.139510 -5.578386
-2.809820 -6.287840
-1.308630 -3.823819
0.792990 0.787183
-1.419370 -5.062322
2.653090 -0.300896
-1.265310 -4.285779
-2.575510 -6.450432
1.915070 0.466399
-2.288590 -6.475639
-1.260220 -3.778893
1.719340 0.153945
0.525430 -0.404020
-0.915320 -3.534103
-3.870880 -1.990734
-2.713040 -6.072230
1.733430 0.357404
0.845180 -0.579181
-0.622680 -3.128710
2.171020 0.675327
2.269890 0.590642
-2.501020 -6.292390
-2.466330 -5.817651
2.735220 -0.464738
3.008160 0.054146
-0.636180 -3.393868
-2.896060 -6.379266
-3.279130 -5.217317
-1.568110 -5.555367
-3.006020 -6.261824
-3.958420 -0.421461
-3.773600 -2.514136
0.587140 -0.734391
3.401930 -0.361983
0.598330 -0.440055
-2.641270 -6.478475
1.268960 0.490886
2.826870 0.410622
2.784160 0.521044
-0.693510 -3.402358
-3.807750 -1.671511
-1.199820 -4.130910
0.186620 -0.969299
-0.414830 -2.060521
-1.102950 -4.645809
-1.742270 -5.781420
-0.100440 -0.822240
0.204090 -0.758285
0.138170 -0.688964
-3.550960 -3.612476
0.311180 -0.459290
-0.494730 -2.881142
0.509240 -0.208205
-0.606650 -2.747865
-3.498470 -3.886269
-3.575820 -3.010820
0.051080 -0.748891
-3.367460 -4.796956
2.999320 0.820883
-2.077650 -5.234289
0.594510 0.031799
1.030950 -0.469339
3.648140 1.381163
0.341860 -0.688344
0.587450 -0.579203
-3.627980 -2.874878
-1.667950 -5.187003
-0.568290 -1.768786
-1.843510 -5.739000
-2.498100 -6.079608
0.310540 -1.554847
-0.203930 -1.923151
-1.847230 -6.058470
-0.230150 -2.090797
1.912870 -0.435038
-1.485610 -4.768977
-1.067780 -3.290220
-1.484460 -4.208968
2.341740 -0.333353
1.683400 0.186333
2.620290 -0.197618
-0.646760 -2.370198
3.336460 0.381696
0.630950 -0.486187
0.610880 -0.361658
0.002860 -0.648596
2.445330 -0.110033
-1.448210 -4.389212
2.049800 -0.830398
0.417920 -1.337150
1.657500 -0.241811
-1.684840 -5.310344
1.052530 -0.295932
-2.039710 -5.863043
-2.855800 -6.327918
2.194290 0.309321
-1.593650 -5.162022
0.371940 -1.139876
-0.140670 -0.746011
-1.732200 -6.111376
-2.493100 -6.773243
-2.706560 -5.783911
-3.250610 -5.344238
0.242850 -0.364649
2.279040 -0.203958
3.079420 -0.407789
-1.677190 -5.147737
3.450380 0.867053
0.832130 -0.008210
-0.339150 -1.740611
2.328710 -0.123470
3.762000 1.701708
2.599700 0.563802
-3.795740 -1.498505
3.294950 -0.540333
-1.821090 -5.641835
0.713470 -0.590331
2.317740 -0.013330
-2.324390 -5.765039
1.842650 0.045497
-0.638270 -2.474991
3.553920 0.899755
2.357780 -0.087482
0.217660 -1.692968
1.882110 -0.333712
-0.040250 -1.051329
-3.722170 -3.057353
-0.804170 -3.325936
3.338770 0.586036
-3.576820 -3.669356
2.896980 0.392730
3.872850 1.897620
3.333860 0.441408
-2.433280 -6.347557
-0.713760 -3.538258
0.746440 -0.478796
2.803490 -0.427576
-0.062140 -2.056356
-2.429250 -7.147028
-1.913520 -6.444058
0.547940 -1.202324
2.246400 -0.069366
0.483510 -0.892938
-0.773010 -3.298876
1.246340 0.457998
2.398590 -0.146728
0.778460 -0.803103
3.530020 0.442352
2.705710 0.379007
2.078220 -0.379736
-1.747080 -6.146542
-2.228630 -6.044639
-1.905700 -5.993420
3.624540 1.051986
-3.870550 -1.278662
0.698200 -0.228013
0.909440 -0.501308
3.957060 2.725846
-1.452940 -4.387616
3.508570 0.883479
0.429610 0.062771
2.297220 0.449849
2.911790 -0.810486
-2.997270 -6.121762
-0.598960 -3.242398
2.436960 -0.198904
0.856640 -0.693700
0.156450 -0.783652
1.708540 0.710765
2.304160 -0.647473
-2.439020 -5.868241
0.866060 -0.473091
-2.219180 -6.919499
-0.425100 -2.640126
-0.820810 -2.559427
3.615500 0.496639
-0.519880 -2.419310
-1.917290 -5.786124
2.128760 0.047383
-1.184860 -4.235737
-3.773760 -2.051039
3.774540 1.583245
-2.012200 -5.352120
0.562560 -0.506760
-3.895070 -1.851946
2.963760 0.468987
3.751820 0.995643
-0.424840 -1.487489
-0.289330 -2.265268
-0.370050 -1.529750
3.199950 -0.205089
2.044610 0.265687
-1.526190 -4.873888
0.515540 -1.248894
1.120550 0.414310
1.163300 0.953718
-2.777900 -6.299737
0.769410 -0.114839
-3.853850 -1.504253
-3.927520 -0.623003
0.726610 -0.740307
2.887300 0.140282
1.947810 0.027778
0.982480 -0.115057
3.981950 2.617869
1.699110 0.195232
2.538790 -0.375267
-0.785380 -3.101756
-2.029030 -6.417999
0.153100 -1.143182
3.437670 0.148803
0.915120 -0.190375
-1.336240 -4.430332
-3.353070 -5.308595
0.440820 -0.276770
-0.809160 -3.078738
-0.998950 -3.810765
0.655570 -0.480494
3.754180 1.808488
-0.583120 -2.873699
3.611990 0.451028
1.406160 0.363081
3.234530 0.071202
-3.533910 -3.530339
-1.983720 -5.418004
2.349630 -0.879390
-3.509940 -3.901804
2.610410 0.200580
-3.939270 -0.413818
-1.820700 -5.866380
-2.409690 -6.479100
0.844150 0.417948
1.340120 -0.221563
-0.853730 -3.252035
-3.864480 -1.007873
-1.620900 -4.818442
2.352490 -0.092979
3.421750 0.386936
0.435360 -1.466758
-0.938530 -3.489070
-2.861200 -5.473583
-1.743740 -5.876337
-1.453020 -4.651511
-2.539170 -7.365521
-0.843080 -2.921740
2.685620 -1.069090
2.922500 0.063058
-2.619190 -6.159203
-3.859930 -1.071783
0.533950 -0.742502
-3.584180 -3.596598
-2.458270 -6.376516
-2.310440 -6.884494
0.463420 -0.504403
1.398860 0.243735
3.185090 0.465169
-0.648050 -1.845958
-0.179020 -2.255749
1.737120 -0.188417
-1.650070 -5.736208
-1.069400 -3.678315
1.031860 0.587752
3.374660 0.613217
1.571070 0.144910
-3.218500 -5.218785
1.290050 0.667060
3.278420 -0.512762
3.749270 1.489243
3.843630 2.206835
0.295560 -0.027681
0.491950 -0.942861
-1.056850 -3.257402
-2.846460 -6.343369
2.788660 0.595290
3.048490 0.231418
2.833120 -0.090554
-1.405590 -5.240766
-3.369150 -4.824496
-3.506600 -4.216363
-2.392920 -6.855201
0.629410 0.321361
3.182880 0.456889
3.766050 1.784771
2.018070 0.198969
2.769550 0.035611
-3.270530 -4.313887
2.190980 0.441193
-2.636270 -6.274964
2.525740 -0.137096
-2.298940 -5.424220
3.328520 1.002172
-3.862300 -1.016983
-3.404630 -4.860292
0.442320 -0.349941
-2.565250 -6.434894
0.102850 -0.997864
-3.966830 0.309609
0.277620 -1.537819
-3.719200 -2.840193
-1.463640 -4.817694
-0.843470 -3.886477
-3.376720 -4.825948
-3.918390 -1.006757
1.396780 0.188342
-2.064890 -5.553106
-3.103210 -6.384988
-1.716010 -5.867643
2.162850 -0.393816
1.614880 0.271580
1.972860 -0.073678
-2.035930 -6.770953
1.094260 0.486276
1.326510 0.450798
-2.063660 -6.269021
-2.415850 -5.597558
-0.335750 -1.882928
3.428150 0.176178
-1.117970 -3.605110
3.858930 0.878745
0.914120 0.113847
-0.667420 -3.007180
-2.488640 -6.387620
1.481070 0.055019
-1.520390 -5.258208
-0.431280 -2.463628
-3.724070 -2.023926
-2.543870 -7.015795
-2.960920 -5.507760
-0.172450 -1.073552
-0.182020 -1.161288
1.796960 0.451656
-1.066280 -3.812953
-1.257640 -4.352127
-2.542370 -6.888811
-1.672610 -5.998315
-0.290540 -1.848858
-0.846560 -2.971675
0.477130 -0.199043
3.345280 -0.074102
-0.669110 -2.899837
0.607020 -0.402893
2.951880 -0.538258
1.895050 0.341973
-0.183040 -1.293990
2.838780 -0.021345
2.878330 0.254603
3.399440 0.028070
-3.951370 -0.369485
3.991510 2.434059
0.348850 -0.170810
-1.599220 -5.168935
2.498370 -0.692321
-2.682630 -6.254003
-2.476630 -6.646941
2.161550 -0.453690
2.631490 -0.768835
-1.885680 -5.207804
-2.852080 -6.192218
-1.125660 -3.946317
-0.270600 -2.204607
0.647060 -0.234942
0.370100 -1.511715
-3.768810 -2.353308
-0.115280 -1.672471
0.802310 -0.587178
0.601350 -0.998763
-3.897680 -1.534625
1.918310 0.766231
0.228430 -1.436290
-1.823820 -5.602736
3.074160 -0.806126
0.968080 0.788559
-0.290500 -2.267567
0.558140 0.089350
-3.403120 -4.182075
0.499780 -0.552207
1.523630 -0.226657
0.842830 -0.874983
-3.508800 -3.572526
-0.510410 -2.830837
-3.464180 -4.286024
3.307660 0.169619
3.564560 1.337032
-2.471400 -6.689424
3.775050 1.143591
0.758570 -0.263403
1.086770 -0.675755
0.599220 -0.946216
2.245840 0.006498
-3.576490 -3.793575
-1.125060 -3.893580
-1.726610 -5.770056
-1.275880 -5.066730
-0.857040 -2.679144
1.737800 -0.422755
-0.917290 -3.487014
-0.712480 -2.720569
-3.392820 -4.471420
-3.970550 0.455075
-1.189570 -4.486131
0.330030 -0.185787
3.390400 0.012434
-3.937580 -0.437878
0.455310 -0.382432
-1.189020 -4.431852
-3.468130 -4.557793
-3.869870 -1.551500
0.617350 -0.904768
1.488500 -0.274843
3.413820 0.932286
-2.111270 -5.728072
-2.944540 -6.152958
0.887240 -0.041000
2.686200 -0.094565
-1.151680 -3.335806
-3.833110 -2.100739
1.750540 -0.696080
-1.011560 -4.189280
-0.276480 -1.518514
3.138640 -0.245237
1.726960 -0.094385
-3.782050 -2.086510
-3.606540 -3.775012
-2.479320 -7.061224
2.041150 0.528414
-1.904430 -5.483263
-1.778920 -5.870236
-3.028940 -6.122672
-0.100810 -1.021249
0.777850 0.109134
-1.518160 -4.730612
3.922930 2.038514
-1.621860 -5.515013
2.266290 0.038593
2.651860 0.538439
1.923410 0.481605
1.550150 0.297104
1.363320 0.172580
0.305320 -0.898697
-3.605740 -3.472257
-1.409190 -5.250884
2.925280 -0.352647
2.371320 -0.271237
2.564620 0.124298
0.621950 -0.282496
2.162190 0.472701
-2.499900 -6.665578
-0.674620 -3.124045
-1.961240 -5.452256
-3.265530 -4.665045
-2.711390 -7.029108
-0.244370 -1.997679
-1.928660 -5.925201
-0.603530 -2.986524
0.115460 -0.840572
1.070870 0.252693
2.330590 -0.267843
3.936890 2.658789
3.335320 0.593762
-3.256880 -4.613590
-3.911520 -0.916873
-2.833900 -5.729255
-2.417470 -5.936350
-2.457070 -5.938070
1.042690 0.247833
1.700340 0.191467
0.934290 -0.475997
-3.746750 -2.794293
-0.684330 -2.367598
2.292720 0.276448
2.683020 -0.231769
-1.194870 -4.740287
-3.562020 -3.832814
-3.538800 -2.996835
2.468290 -0.437534
0.585420 -0.964966
-0.933890 -3.986644
-1.836630 -5.546954
-1.482040 -4.818154
-1.333840 -4.565893
-0.815380 -2.818158
3.268150 0.093338
-1.251190 -4.285839
-1.293960 -4.305221
-3.457340 -3.431133
1.574300 -0.660064
-3.523510 -3.387873
3.273570 -0.452391
-0.925160 -3.757548
-3.874090 -0.832337
0.484830 -0.403241
-3.657750 -2.831466
1.056560 0.269394
2.574660 -0.271655
-2.795430 -6.047584
-1.292470 -4.324956
-1.256390 -4.485488
-2.660980 -6.180261
-1.248520 -3.864334
1.075680 -0.042270
3.246210 -0.118254
3.310290 0.218278
-1.426240 -5.017086
1.574570 -0.556698
-1.612580 -5.036075
1.855570 -0.114518
-3.541090 -3.382080
2.436220 -0.526695
3.295900 -0.407959
3.867480 1.848347
2.649940 -0.579106
0.601350 0.107279
3.483060 1.019808
0.610950 -1.105739
-1.179050 -4.308012
2.995730 0.105721
-1.845410 -5.124412
-0.883320 -3.091391
-2.337920 -6.738539
-2.771610 -6.581463
-0.493670 -2.947377
-1.128390 -4.267325
2.823890 -0.669378
-3.538190 -3.724603
-0.245400 -2.197464
2.556260 -0.701605
2.971000 -0.809283
1.203830 -0.501596
-2.349200 -6.385725
-2.421180 -6.491011
1.695250 0.208514
-3.228420 -5.540350
-3.769560 -1.666989
1.156290 -0.678362
1.038090 0.140495
-2.822820 -6.576243
-0.453430 -1.471298
1.692360 0.470087
-3.627510 -2.779226
-1.814620 -5.674987
0.137500 -1.077300
1.202260 0.058216
-3.605910 -3.062611
2.293050 -0.005011
0.979000 0.120325
-0.465640 -1.795424
-2.028200 -5.336559
2.380550 0.163906
-0.329200 -1.984604
-2.861160 -6.749287
1.607800 -0.205711
-1.215050 -4.269456
2.607490 -0.213520
1.132990 -0.611583
-2.743190 -6.033806
0.545170 0.224972
-3.116210 -5.889637
-0.586370 -3.147392
-1.745120 -5.093615
-2.431040 -6.125945
3.684200 1.288800
-0.433780 -1.383929
-2.892620 -5.716221
-1.528200 -5.116328
-3.092950 -5.413944
1.320920 -0.400600
0.886570 -0.570324
0.837580 -0.527016
2.772840 -0.019303
-0.694430 -2.896684
3.988330 1.970457
-3.348730 -4.534375
-3.832940 -2.077743
-3.154580 -6.044253
-0.001550 -0.832076
-0.346620 -1.544001
-2.532650 -7.230371
-0.440120 -2.551010
2.418170 -0.008685
-2.633630 -6.423399
1.604960 0.548713
1.506010 0.084438
-0.000830 -1.643385
-1.457160 -5.039739
-0.889270 -2.928377
-3.380970 -4.845366
0.437890 -0.771763
-1.214330 -4.615608
0.895280 0.106085
-3.800480 -1.697082
0.179240 -1.351637
3.090020 -0.390720
-1.486270 -5.027381
-2.802290 -6.861329
2.079690 0.000186
0.057190 -1.828012
3.664690 0.753190
2.044450 -0.515033
-1.320270 -3.837601
2.530370 -0.237218
2.673650 0.239209
2.779170 -0.393382
2.835720 -0.145777
1.402230 -0.470638
1.710770 0.542466
-1.775280 -5.324536
3.461070 0.217419
3.344450 0.565045
-1.506960 -5.364930
-3.041030 -5.844781
0.126850 -0.688843
-0.790950 -2.725176
0.220750 -1.054737
2.833440 0.283109
2.271750 -0.174345
1.851680 -0.506891
3.498470 0.224509
-0.211300 -1.855241
2.771420 -0.428752
0.126680 -0.450331
-0.009750 -1.829939
-3.283340 -5.047381
3.617130 1.167471
-0.195880 -1.304264
3.559310 0.501349
-2.880220 -6.221295
-0.546050 -2.012662
-1.841370 -5.403622
2.642050 0.195457
2.317090 0.017418
-3.271880 -5.100368
-1.019840 -3.325767
1.606430 -0.247187
0.947160 -0.407420
-1.806040 -5.823265
2.756630 -0.598445
-1.155200 -3.663344
-2.482120 -6.755130
-1.470000 -5.015118
-1.221650 -4.192027
1.350990 0.557500
0.753130 0.511661
0.814640 -0.343278
-2.085550 -6.068260
3.531840 1.371846
0.486360 -0.174322
3.611100 1.111166
-3.188920 -5.291891
-1.996850 -5.679191
-2.149000 -6.870836
0.411690 -0.706135
0.261560 -0.294355
2.119880 0.246889
-2.482220 -6.114348
-2.808390 -6.463770
0.498360 0.287011
-0.009140 -0.747927
2.728900 0.142145
1.821970 -0.550742
0.156950 -0.661639
-0.272210 -1.555667
1.879080 -0.250054
-0.907700 -3.448229
1.661570 0.231690
1.678600 0.295551
3.393520 0.284315
1.092340 -0.063548
1.782830 0.287944
-2.604680 -7.152237
3.652640 0.191634
2.703280 -0.456278
2.117210 0.129147
3.086120 -0.046585
0.713840 -0.393085
3.948350 2.131908
2.238420 -0.200143
-0.698100 -1.913872
2.579990 -0.760612
0.952740 -0.038756
2.270650 -0.000341
-3.392830 -3.937243
-1.235100 -4.332862
3.263010 0.010381
-2.366320 -6.426245
2.985330 0.434989
3.905610 2.108984
3.275710 -0.116284
0.709860 0.117825
0.728300 0.430441
-1.828440 -5.845901
3.525550 1.082322
0.183040 -1.449329
-3.439420 -3.909990
1.220660 0.372475
3.582800 0.224315
-3.200800 -5.671657
-3.252410 -5.269238
0.452220 -1.156346
-3.689830 -2.353856
2.299190 -0.229052
2.938500 0.493021
2.306730 -0.295612
3.228970 -0.106867
-3.726860 -2.510930
0.493350 -0.599287
-0.637420 -2.029630
-1.255250 -3.997628
-0.313170 -1.211993
3.044600 0.104073
1.979580 -0.686294
0.982240 -0.342566
3.830000 1.264449
-2.957030 -6.326828
-0.760600 -2.738989
2.979670 -0.048809
1.436370 0.336338
2.037780 0.506986
-2.067100 -5.698349
-2.007510 -6.314781
2.725730 0.117505
2.441560 -0.151152
-3.655750 -2.843021
-3.343520 -3.946024
3.117730 0.797717
-1.470900 -5.103942
1.582070 0.055812
1.760180 -0.699952
1.367670 0.785228
-3.579200 -2.971706
3.207260 0.376125
-1.623270 -5.315211
2.874070 -0.346876
0.800510 -0.078790
3.907890 2.125076
-2.894900 -6.084197
2.908230 -0.305165
-1.882390 -5.555952
3.970840 2.225041
-3.829340 -1.770556
-3.484460 -4.087990
2.023610 0.013688
0.300350 -0.729987
-3.864870 -0.882812
1.838730 0.106375
-3.207040 -5.431738
0.733480 -0.839963
-3.034040 -6.306424
-0.386980 -1.305547
2.478390 -0.161150
2.402370 0.605614
-0.785010 -2.577637
-0.416920 -2.288959
1.550560 -0.276194
-1.106540 -3.718385
3.056560 -0.281823
0.591910 -0.653652
-1.227980 -4.243002
-3.046480 -5.844345
2.934980 -0.274155
-0.908430 -4.108613
2.055670 0.077009
3.492620 1.422202
3.571330 0.418293
-3.174170 -5.334051
-3.942480 -1.085270
3.633850 1.241861
-0.920270 -3.117573
2.434610 0.064341
0.253820 -1.338743
2.560100 -0.341111
-3.057140 -5.146745
1.730390 0.269315
3.252600 0.663070
-0.092450 -2.135259
-3.403030 -4.797847
3.396460 0.672480
1.089560 0.047774
1.456110 -0.152253
-3.623800 -2.871093
-1.143030 -3.573752
3.258350 0.561668
0.866750 0.491709
2.566260 -0.157084
-0.930990 -3.618121
2.225210 0.092913
-3.784350 -2.751971
2.317590 -0.056685
2.986410 -0.813067
2.178010 0.263141
-1.924730 -5.230125
2.167750 0.026632
-3.554480 -3.262532
-1.240380 -4.251957
-2.107720 -6.393648
-2.076730 -6.200539
-3.777180 -2.059036
-2.464290 -6.460842
-2.587650 -6.216296
1.650910 0.080940
-1.985630 -6.737607
2.946900 0.080281
3.901850 1.932296
-0.471840 -1.863774
3.087260 -0.679072
1.495250 -0.309579
3.916410 1.474381
-1.696700 -4.579969
-1.647210 -5.607043
-1.084800 -3.875712
-3.633700 -3.051789
2.114660 0.025456
0.611590 -0.529573
-0.921180 -3.489618
1.628790 -0.160821
-2.580650 -6.747955
-0.279360 -1.776884
0.385440 -0.290253
-0.542670 -2.273502
3.781360 2.009760
-0.567890 -1.916992
1.385740 1.021984
0.437540 -0.836882
-3.730970 -2.731506
-1.345860 -4.017874
3.390060 0.203335
3.740230 1.333304
-2.788160 -6.004579
-0.116600 -0.876089
1.811250 -0.150021
-2.078880 -6.335830
-0.933330 -3.304161
-0.440360 -2.554464
1.991770 0.823307
-2.482430 -6.796915
0.143360 -0.851346
-0.907990 -3.349514
3.265230 0.292771
0.192150 -0.841529
